agents,utilities
"('MCTS-ProgressiveHistory-0.1-MAST' / 'MCTS-UCB1-0.1-Random0')","1.0;-1.0"
"('MCTS-ProgressiveHistory-0.1-MAST' / 'MCTS-UCB1-0.1-Random0')","-1.0;1.0"
"('MCTS-ProgressiveHistory-0.1-MAST' / 'MCTS-UCB1-0.1-Random0')","1.0;-1.0"
"('MCTS-ProgressiveHistory-0.1-MAST' / 'MCTS-UCB1-0.1-Random0')","-1.0;1.0"
"('MCTS-ProgressiveHistory-0.1-MAST' / 'MCTS-UCB1-0.1-Random0')","-1.0;1.0"
"('MCTS-ProgressiveHistory-0.1-MAST' / 'MCTS-UCB1-0.1-Random0')","1.0;-1.0"
"('MCTS-ProgressiveHistory-0.1-MAST' / 'MCTS-UCB1-0.1-Random0')","-1.0;1.0"
"('MCTS-ProgressiveHistory-0.1-MAST' / 'MCTS-UCB1-0.1-Random0')","1.0;-1.0"
"('MCTS-ProgressiveHistory-0.1-MAST' / 'MCTS-UCB1-0.1-Random0')","-1.0;1.0"
"('MCTS-ProgressiveHistory-0.1-MAST' / 'MCTS-UCB1-0.1-Random0')","1.0;-1.0"
"('MCTS-UCB1-0.1-Random0' / 'MCTS-ProgressiveHistory-0.1-MAST')","-1.0;1.0"
"('MCTS-UCB1-0.1-Random0' / 'MCTS-ProgressiveHistory-0.1-MAST')","-1.0;1.0"
"('MCTS-UCB1-0.1-Random0' / 'MCTS-ProgressiveHistory-0.1-MAST')","1.0;-1.0"
"('MCTS-UCB1-0.1-Random0' / 'MCTS-ProgressiveHistory-0.1-MAST')","-1.0;1.0"
"('MCTS-UCB1-0.1-Random0' / 'MCTS-ProgressiveHistory-0.1-MAST')","-1.0;1.0"
"('MCTS-UCB1-0.1-Random0' / 'MCTS-ProgressiveHistory-0.1-MAST')","-1.0;1.0"
"('MCTS-UCB1-0.1-Random0' / 'MCTS-ProgressiveHistory-0.1-MAST')","-1.0;1.0"
"('MCTS-UCB1-0.1-Random0' / 'MCTS-ProgressiveHistory-0.1-MAST')","1.0;-1.0"
"('MCTS-UCB1-0.1-Random0' / 'MCTS-ProgressiveHistory-0.1-MAST')","1.0;-1.0"
"('MCTS-UCB1-0.1-Random0' / 'MCTS-ProgressiveHistory-0.1-MAST')","1.0;-1.0"
