ERROR in updatePessBounds()!
ERROR in updatePessBounds()!
oldPess = 0.0
oldPess = 0.0
minPess = -0.33333333333333326
pessBound = 0.33333333333333337
minPess = -0.33333333333333326
pessBound = 0.33333333333333337
ERROR in updatePessBounds()!
oldPess = 0.0
minPess = -0.33333333333333326
pessBound = 0.33333333333333337
