ERROR in updatePessBounds()!
oldPess = -0.33333333333333326
minPess = -0.6666666666666665
pessBound = 0.0
