ERROR in updatePessBounds()!
oldPess = -0.33333333333333326
minPess = -0.8333333333333333
pessBound = 0.0
ERROR in updatePessBounds()!
oldPess = -0.33333333333333326
minPess = -0.8333333333333333
pessBound = 0.0
